weyl - [1, [2, 0, 0, 0, 0, 0]] - [-1, [0, 2, 0, 0, 0, 0]]
weyl - [1, [0, 0, 2, 0, 0, 0]] - [-1, [0, 0, 0, 2, 0, 0]]
weyl - [1, [0, 0, 0, 0, 2, 0]] - [-1, [0, 0, 0, 0, 0, 2]]
weyl - [1, [1, 0, 1, 0, 0, 0]] - [-1, [0, 1, 0, 1, 0, 0]]
weyl - [1, [1, 0, 0, 0, 1, 0]] - [-1, [0, 1, 0, 0, 0, 1]]
weyl - [1, [0, 0, 1, 0, 1, 0]] - [-1, [0, 0, 0, 1, 0, 1]]
weyl - [-1, [0, 1, 1, 0, 0, 0]] - [1, [1, 0, 0, 1, 0, 0]]
weyl - [-1, [0, 1, 0, 0, 1, 0]] - [1, [1, 0, 0, 0, 0, 1]]
weyl - [-1, [0, 0, 0, 1, 1, 0]] - [1, [0, 0, 1, 0, 0, 1]]
prim - [1, [1, 0, 0, 0, 0, 0, 0, 0, 0]] - [1, [0, 1, 0, 0, 0, 0, 0, 0, 0]]
prim - [1, [1, 0, 0, 0, 0, 0, 0, 0, 0]] - [1, [0, 0, 1, 0, 0, 0, 0, 0, 0]]
prim - [1, [0, 0, 0, 1, 0, 0, 0, 0, 0]]
prim - [1, [0, 0, 0, 0, 1, 0, 0, 0, 0]]
prim - [1, [0, 0, 0, 0, 0, 1, 0, 0, 0]]
sec - [1, [0, 0, 0, 0, 0, 0, 0, 0, 0]]
sec - [1, [1, 0, 0, 0, 0, 0, 0, 0, 0]]
sec - [1, [0, 0, 0, 0, 0, 0, 1, 0, 0]]
sec - [1, [0, 0, 0, 0, 0, 0, 0, 1, 0]]
sec - [1, [0, 0, 0, 0, 0, 0, 0, 0, 1]]
sec - [1, [2, 0, 0, 0, 0, 0, 0, 0, 0]]
