weyl - [1, [2, 0, 0, 0, 0, 0, 0, 0, 0, 0, 0, 0, 0, 0, 0, 0]] - [-1, [0, 2, 0, 0, 0, 0, 0, 0, 0, 0, 0, 0, 0, 0, 0, 0]] - [-1, [0, 0, 2, 0, 0, 0, 0, 0, 0, 0, 0, 0, 0, 0, 0, 0]] - [-1, [0, 0, 0, 2, 0, 0, 0, 0, 0, 0, 0, 0, 0, 0, 0, 0]]
weyl - [1, [0, 0, 0, 0, 2, 0, 0, 0, 0, 0, 0, 0, 0, 0, 0, 0]] - [-1, [0, 0, 0, 0, 0, 2, 0, 0, 0, 0, 0, 0, 0, 0, 0, 0]] - [-1, [0, 0, 0, 0, 0, 0, 2, 0, 0, 0, 0, 0, 0, 0, 0, 0]] - [-1, [0, 0, 0, 0, 0, 0, 0, 2, 0, 0, 0, 0, 0, 0, 0, 0]]
weyl - [1, [0, 0, 0, 0, 0, 0, 0, 0, 2, 0, 0, 0, 0, 0, 0, 0]] - [-1, [0, 0, 0, 0, 0, 0, 0, 0, 0, 2, 0, 0, 0, 0, 0, 0]] - [-1, [0, 0, 0, 0, 0, 0, 0, 0, 0, 0, 2, 0, 0, 0, 0, 0]] - [-1, [0, 0, 0, 0, 0, 0, 0, 0, 0, 0, 0, 2, 0, 0, 0, 0]]
weyl - [1, [0, 0, 0, 0, 0, 0, 0, 0, 0, 0, 0, 0, 2, 0, 0, 0]] - [-1, [0, 0, 0, 0, 0, 0, 0, 0, 0, 0, 0, 0, 0, 2, 0, 0]] - [-1, [0, 0, 0, 0, 0, 0, 0, 0, 0, 0, 0, 0, 0, 0, 2, 0]] - [-1, [0, 0, 0, 0, 0, 0, 0, 0, 0, 0, 0, 0, 0, 0, 0, 2]]
weyl - [1, [1, 0, 0, 0, 1, 0, 0, 0, 0, 0, 0, 0, 0, 0, 0, 0]] - [-1, [0, 1, 0, 0, 0, 1, 0, 0, 0, 0, 0, 0, 0, 0, 0, 0]] - [-1, [0, 0, 1, 0, 0, 0, 1, 0, 0, 0, 0, 0, 0, 0, 0, 0]] - [-1, [0, 0, 0, 1, 0, 0, 0, 1, 0, 0, 0, 0, 0, 0, 0, 0]]
weyl - [1, [1, 0, 0, 0, 0, 0, 0, 0, 1, 0, 0, 0, 0, 0, 0, 0]] - [-1, [0, 1, 0, 0, 0, 0, 0, 0, 0, 1, 0, 0, 0, 0, 0, 0]] - [-1, [0, 0, 1, 0, 0, 0, 0, 0, 0, 0, 1, 0, 0, 0, 0, 0]] - [-1, [0, 0, 0, 1, 0, 0, 0, 0, 0, 0, 0, 1, 0, 0, 0, 0]]
weyl - [1, [1, 0, 0, 0, 0, 0, 0, 0, 0, 0, 0, 0, 1, 0, 0, 0]] - [-1, [0, 1, 0, 0, 0, 0, 0, 0, 0, 0, 0, 0, 0, 1, 0, 0]] - [-1, [0, 0, 1, 0, 0, 0, 0, 0, 0, 0, 0, 0, 0, 0, 1, 0]] - [-1, [0, 0, 0, 1, 0, 0, 0, 0, 0, 0, 0, 0, 0, 0, 0, 1]]
weyl - [1, [0, 0, 0, 0, 1, 0, 0, 0, 1, 0, 0, 0, 0, 0, 0, 0]] - [-1, [0, 0, 0, 0, 0, 1, 0, 0, 0, 1, 0, 0, 0, 0, 0, 0]] - [-1, [0, 0, 0, 0, 0, 0, 1, 0, 0, 0, 1, 0, 0, 0, 0, 0]] - [-1, [0, 0, 0, 0, 0, 0, 0, 1, 0, 0, 0, 1, 0, 0, 0, 0]]
weyl - [1, [0, 0, 0, 0, 1, 0, 0, 0, 0, 0, 0, 0, 1, 0, 0, 0]] - [-1, [0, 0, 0, 0, 0, 1, 0, 0, 0, 0, 0, 0, 0, 1, 0, 0]] - [-1, [0, 0, 0, 0, 0, 0, 1, 0, 0, 0, 0, 0, 0, 0, 1, 0]] - [-1, [0, 0, 0, 0, 0, 0, 0, 1, 0, 0, 0, 0, 0, 0, 0, 1]]
weyl - [1, [0, 0, 0, 0, 0, 0, 0, 0, 1, 0, 0, 0, 1, 0, 0, 0]] - [-1, [0, 0, 0, 0, 0, 0, 0, 0, 0, 1, 0, 0, 0, 1, 0, 0]] - [-1, [0, 0, 0, 0, 0, 0, 0, 0, 0, 0, 1, 0, 0, 0, 1, 0]] - [-1, [0, 0, 0, 0, 0, 0, 0, 0, 0, 0, 0, 1, 0, 0, 0, 1]]
weyl - [-1, [0, 0, 0, 1, 0, 0, 1, 0, 0, 1, 0, 0, 1, 0, 0, 0]] - [1, [0, 0, 0, 1, 0, 0, 1, 0, 1, 0, 0, 0, 0, 1, 0, 0]] - [1, [0, 0, 0, 1, 1, 0, 0, 0, 0, 1, 0, 0, 0, 0, 1, 0]] - [1, [0, 0, 0, 1, 0, 1, 0, 0, 0, 0, 1, 0, 1, 0, 0, 0]] - [-1, [0, 0, 0, 1, 0, 1, 0, 0, 1, 0, 0, 0, 0, 0, 1, 0]] - [-1, [0, 0, 0, 1, 1, 0, 0, 0, 0, 0, 1, 0, 0, 1, 0, 0]] - [1, [1, 0, 0, 0, 0, 0, 1, 0, 0, 1, 0, 0, 0, 0, 0, 1]] - [1, [0, 1, 0, 0, 0, 0, 1, 0, 0, 0, 0, 1, 1, 0, 0, 0]] - [-1, [0, 1, 0, 0, 0, 0, 1, 0, 1, 0, 0, 0, 0, 0, 0, 1]] - [-1, [1, 0, 0, 0, 0, 0, 1, 0, 0, 0, 0, 1, 0, 1, 0, 0]] - [1, [0, 0, 1, 0, 0, 0, 0, 1, 0, 1, 0, 0, 1, 0, 0, 0]] - [-1, [0, 0, 1, 0, 0, 0, 0, 1, 1, 0, 0, 0, 0, 1, 0, 0]] - [-1, [0, 0, 1, 0, 1, 0, 0, 0, 0, 1, 0, 0, 0, 0, 0, 1]] - [-1, [0, 0, 1, 0, 0, 1, 0, 0, 0, 0, 0, 1, 1, 0, 0, 0]] - [1, [0, 0, 1, 0, 0, 1, 0, 0, 1, 0, 0, 0, 0, 0, 0, 1]] - [1, [0, 0, 1, 0, 1, 0, 0, 0, 0, 0, 0, 1, 0, 1, 0, 0]] - [-1, [1, 0, 0, 0, 0, 0, 0, 1, 0, 1, 0, 0, 0, 0, 1, 0]] - [-1, [0, 1, 0, 0, 0, 0, 0, 1, 0, 0, 1, 0, 1, 0, 0, 0]] - [1, [0, 1, 0, 0, 0, 0, 0, 1, 1, 0, 0, 0, 0, 0, 1, 0]] - [1, [1, 0, 0, 0, 0, 0, 0, 1, 0, 0, 1, 0, 0, 1, 0, 0]] - [-1, [1, 0, 0, 0, 0, 1, 0, 0, 0, 0, 1, 0, 0, 0, 0, 1]] - [1, [1, 0, 0, 0, 0, 1, 0, 0, 0, 0, 0, 1, 0, 0, 1, 0]] - [1, [0, 1, 0, 0, 1, 0, 0, 0, 0, 0, 1, 0, 0, 0, 0, 1]] - [-1, [0, 1, 0, 0, 1, 0, 0, 0, 0, 0, 0, 1, 0, 0, 1, 0]]
prim - [1, [1, 0, 0, 0, 0, 0, 0, 0, 0, 0, 0]] - [1, [0, 1, 0, 0, 0, 0, 0, 0, 0, 0, 0]] - [1, [0, 0, 1, 0, 0, 0, 0, 0, 0, 0, 0]] - [1, [0, 0, 0, 1, 0, 0, 0, 0, 0, 0, 0]]
prim - [1, [1, 1, 0, 0, 0, 0, 0, 0, 0, 0, 0]] - [1, [1, 0, 1, 0, 0, 0, 0, 0, 0, 0, 0]] - [1, [1, 0, 0, 1, 0, 0, 0, 0, 0, 0, 0]] - [1, [0, 1, 1, 0, 0, 0, 0, 0, 0, 0, 0]] - [1, [0, 1, 0, 1, 0, 0, 0, 0, 0, 0, 0]] - [1, [0, 0, 1, 1, 0, 0, 0, 0, 0, 0, 0]]
prim - [1, [1, 1, 1, 0, 0, 0, 0, 0, 0, 0, 0]] - [1, [1, 1, 0, 1, 0, 0, 0, 0, 0, 0, 0]] - [1, [1, 0, 1, 1, 0, 0, 0, 0, 0, 0, 0]] - [1, [0, 1, 1, 1, 0, 0, 0, 0, 0, 0, 0]]
prim - [1, [1, 1, 1, 1, 0, 0, 0, 0, 0, 0, 0]]
prim - [1, [0, 0, 0, 0, 1, 0, 0, 0, 0, 0, 0]] - [1, [0, 0, 0, 0, 0, 1, 0, 0, 0, 0, 0]] - [1, [0, 0, 0, 0, 0, 0, 1, 0, 0, 0, 0]] - [1, [0, 0, 0, 0, 0, 0, 0, 1, 0, 0, 0]] - [1, [0, 0, 0, 0, 0, 0, 0, 0, 1, 0, 0]] - [1, [0, 0, 0, 0, 0, 0, 0, 0, 0, 1, 0]]
prim - [1, [0, 0, 0, 0, 0, 0, 1, 1, 0, 0, 0]] - [1, [0, 0, 0, 0, 0, 1, 0, 0, 1, 0, 0]] - [1, [0, 0, 0, 0, 1, 0, 0, 0, 0, 1, 0]]
prim - [1, [0, 0, 0, 0, 1, 1, 0, 0, 0, 0, 0]] - [1, [0, 0, 0, 0, 1, 0, 1, 0, 0, 0, 0]] - [1, [0, 0, 0, 0, 1, 0, 0, 1, 0, 0, 0]] - [1, [0, 0, 0, 0, 1, 0, 0, 0, 1, 0, 0]] - [1, [0, 0, 0, 0, 0, 1, 1, 0, 0, 0, 0]] - [1, [0, 0, 0, 0, 0, 1, 0, 1, 0, 0, 0]] - [1, [0, 0, 0, 0, 0, 1, 0, 0, 0, 1, 0]] - [1, [0, 0, 0, 0, 0, 0, 1, 0, 1, 0, 0]] - [1, [0, 0, 0, 0, 0, 0, 1, 0, 0, 1, 0]] - [1, [0, 0, 0, 0, 0, 0, 0, 1, 1, 0, 0]] - [1, [0, 0, 0, 0, 0, 0, 0, 1, 0, 1, 0]] - [1, [0, 0, 0, 0, 0, 0, 0, 0, 1, 1, 0]]
prim - [1, [0, 0, 0, 0, 1, 1, 0, 1, 0, 0, 0]] - [1, [0, 0, 0, 0, 1, 0, 1, 0, 1, 0, 0]] - [1, [0, 0, 0, 0, 0, 1, 1, 0, 0, 1, 0]] - [1, [0, 0, 0, 0, 0, 0, 0, 1, 1, 1, 0]]
prim - [1, [0, 0, 0, 0, 1, 1, 1, 0, 0, 0, 0]] - [1, [0, 0, 0, 0, 1, 0, 0, 1, 1, 0, 0]] - [1, [0, 0, 0, 0, 0, 1, 0, 1, 0, 1, 0]] - [1, [0, 0, 0, 0, 0, 0, 1, 0, 1, 1, 0]]
prim - [1, [0, 0, 0, 0, 0, 1, 1, 1, 1, 0, 0]] - [1, [0, 0, 0, 0, 1, 1, 0, 0, 1, 1, 0]] - [1, [0, 0, 0, 0, 1, 0, 1, 1, 0, 1, 0]]
prim - [2, [1, 0, 0, 0, 1, 0, 0, 0, 0, 0, 0]] - [2, [1, 0, 0, 0, 0, 1, 0, 0, 0, 0, 0]] - [2, [1, 0, 0, 0, 0, 0, 1, 0, 0, 0, 0]] - [2, [0, 1, 0, 0, 1, 0, 0, 0, 0, 0, 0]] - [2, [0, 0, 1, 0, 0, 1, 0, 0, 0, 0, 0]] - [2, [0, 0, 0, 1, 0, 0, 1, 0, 0, 0, 0]] - [2, [0, 1, 0, 0, 0, 0, 0, 1, 0, 0, 0]] - [2, [0, 1, 0, 0, 0, 0, 0, 0, 1, 0, 0]] - [2, [0, 0, 1, 0, 0, 0, 0, 1, 0, 0, 0]] - [2, [0, 0, 0, 1, 0, 0, 0, 0, 1, 0, 0]] - [2, [0, 0, 1, 0, 0, 0, 0, 0, 0, 1, 0]] - [2, [0, 0, 0, 1, 0, 0, 0, 0, 0, 1, 0]]
prim - [4, [0, 0, 0, 0, 3, 0, 0, 0, 0, 0, 0]] - [4, [0, 0, 0, 0, 0, 3, 0, 0, 0, 0, 0]] - [4, [0, 0, 0, 0, 0, 0, 3, 0, 0, 0, 0]] - [4, [0, 0, 0, 0, 0, 0, 0, 3, 0, 0, 0]] - [4, [0, 0, 0, 0, 0, 0, 0, 0, 3, 0, 0]] - [4, [0, 0, 0, 0, 0, 0, 0, 0, 0, 3, 0]]
prim - [2, [1, 0, 0, 0, 2, 0, 0, 0, 0, 0, 0]] - [2, [1, 0, 0, 0, 0, 2, 0, 0, 0, 0, 0]] - [2, [1, 0, 0, 0, 0, 0, 2, 0, 0, 0, 0]] - [2, [0, 1, 0, 0, 2, 0, 0, 0, 0, 0, 0]] - [2, [0, 0, 1, 0, 0, 2, 0, 0, 0, 0, 0]] - [2, [0, 0, 0, 1, 0, 0, 2, 0, 0, 0, 0]] - [2, [0, 1, 0, 0, 0, 0, 0, 2, 0, 0, 0]] - [2, [0, 1, 0, 0, 0, 0, 0, 0, 2, 0, 0]] - [2, [0, 0, 1, 0, 0, 0, 0, 2, 0, 0, 0]] - [2, [0, 0, 0, 1, 0, 0, 0, 0, 2, 0, 0]] - [2, [0, 0, 1, 0, 0, 0, 0, 0, 0, 2, 0]] - [2, [0, 0, 0, 1, 0, 0, 0, 0, 0, 2, 0]]
prim - [2, [1, 0, 0, 0, 1, 1, 0, 0, 0, 0, 0]] - [2, [1, 0, 0, 0, 1, 0, 1, 0, 0, 0, 0]] - [2, [1, 0, 0, 0, 0, 1, 1, 0, 0, 0, 0]] - [2, [0, 1, 0, 0, 1, 0, 0, 1, 0, 0, 0]] - [2, [0, 1, 0, 0, 1, 0, 0, 0, 1, 0, 0]] - [2, [0, 0, 1, 0, 0, 1, 0, 1, 0, 0, 0]] - [2, [0, 0, 1, 0, 0, 1, 0, 0, 0, 1, 0]] - [2, [0, 0, 0, 1, 0, 0, 1, 0, 1, 0, 0]] - [2, [0, 0, 0, 1, 0, 0, 1, 0, 0, 1, 0]] - [2, [0, 1, 0, 0, 0, 0, 0, 1, 1, 0, 0]] - [2, [0, 0, 1, 0, 0, 0, 0, 1, 0, 1, 0]] - [2, [0, 0, 0, 1, 0, 0, 0, 0, 1, 1, 0]]
prim - [2, [2, 0, 0, 0, 1, 0, 0, 0, 0, 0, 0]] - [2, [2, 0, 0, 0, 0, 1, 0, 0, 0, 0, 0]] - [2, [2, 0, 0, 0, 0, 0, 1, 0, 0, 0, 0]] - [2, [0, 2, 0, 0, 1, 0, 0, 0, 0, 0, 0]] - [2, [0, 0, 2, 0, 0, 1, 0, 0, 0, 0, 0]] - [2, [0, 0, 0, 2, 0, 0, 1, 0, 0, 0, 0]] - [2, [0, 2, 0, 0, 0, 0, 0, 1, 0, 0, 0]] - [2, [0, 2, 0, 0, 0, 0, 0, 0, 1, 0, 0]] - [2, [0, 0, 2, 0, 0, 0, 0, 1, 0, 0, 0]] - [2, [0, 0, 0, 2, 0, 0, 0, 0, 1, 0, 0]] - [2, [0, 0, 2, 0, 0, 0, 0, 0, 0, 1, 0]] - [2, [0, 0, 0, 2, 0, 0, 0, 0, 0, 1, 0]]
prim - [4, [1, 1, 0, 0, 1, 0, 0, 0, 0, 0, 0]] - [4, [1, 0, 1, 0, 0, 1, 0, 0, 0, 0, 0]] - [4, [1, 0, 0, 1, 0, 0, 1, 0, 0, 0, 0]] - [4, [0, 1, 1, 0, 0, 0, 0, 1, 0, 0, 0]] - [4, [0, 1, 0, 1, 0, 0, 0, 0, 1, 0, 0]] - [4, [0, 0, 1, 1, 0, 0, 0, 0, 0, 1, 0]]
prim - [4, [0, 0, 0, 0, 4, 0, 0, 0, 0, 0, 0]] - [4, [0, 0, 0, 0, 0, 4, 0, 0, 0, 0, 0]] - [4, [0, 0, 0, 0, 0, 0, 4, 0, 0, 0, 0]] - [4, [0, 0, 0, 0, 0, 0, 0, 4, 0, 0, 0]] - [4, [0, 0, 0, 0, 0, 0, 0, 0, 4, 0, 0]] - [4, [0, 0, 0, 0, 0, 0, 0, 0, 0, 4, 0]]
prim - [2, [1, 0, 0, 0, 3, 0, 0, 0, 0, 0, 0]] - [2, [1, 0, 0, 0, 0, 3, 0, 0, 0, 0, 0]] - [2, [1, 0, 0, 0, 0, 0, 3, 0, 0, 0, 0]] - [2, [0, 1, 0, 0, 3, 0, 0, 0, 0, 0, 0]] - [2, [0, 0, 1, 0, 0, 3, 0, 0, 0, 0, 0]] - [2, [0, 0, 0, 1, 0, 0, 3, 0, 0, 0, 0]] - [2, [0, 1, 0, 0, 0, 0, 0, 3, 0, 0, 0]] - [2, [0, 1, 0, 0, 0, 0, 0, 0, 3, 0, 0]] - [2, [0, 0, 1, 0, 0, 0, 0, 3, 0, 0, 0]] - [2, [0, 0, 0, 1, 0, 0, 0, 0, 3, 0, 0]] - [2, [0, 0, 1, 0, 0, 0, 0, 0, 0, 3, 0]] - [2, [0, 0, 0, 1, 0, 0, 0, 0, 0, 3, 0]]
prim - [1, [1, 0, 0, 0, 2, 1, 0, 0, 0, 0, 0]] - [1, [1, 0, 0, 0, 2, 0, 1, 0, 0, 0, 0]] - [1, [1, 0, 0, 0, 1, 2, 0, 0, 0, 0, 0]] - [1, [1, 0, 0, 0, 1, 0, 2, 0, 0, 0, 0]] - [1, [1, 0, 0, 0, 0, 2, 1, 0, 0, 0, 0]] - [1, [1, 0, 0, 0, 0, 1, 2, 0, 0, 0, 0]] - [1, [0, 1, 0, 0, 2, 0, 0, 1, 0, 0, 0]] - [1, [0, 1, 0, 0, 2, 0, 0, 0, 1, 0, 0]] - [1, [0, 1, 0, 0, 1, 0, 0, 2, 0, 0, 0]] - [1, [0, 1, 0, 0, 1, 0, 0, 0, 2, 0, 0]] - [1, [0, 0, 1, 0, 0, 2, 0, 1, 0, 0, 0]] - [1, [0, 0, 1, 0, 0, 2, 0, 0, 0, 1, 0]] - [1, [0, 0, 1, 0, 0, 1, 0, 2, 0, 0, 0]] - [1, [0, 0, 1, 0, 0, 1, 0, 0, 0, 2, 0]] - [1, [0, 0, 0, 1, 0, 0, 2, 0, 1, 0, 0]] - [1, [0, 0, 0, 1, 0, 0, 2, 0, 0, 1, 0]] - [1, [0, 0, 0, 1, 0, 0, 1, 0, 2, 0, 0]] - [1, [0, 0, 0, 1, 0, 0, 1, 0, 0, 2, 0]] - [1, [0, 1, 0, 0, 0, 0, 0, 2, 1, 0, 0]] - [1, [0, 1, 0, 0, 0, 0, 0, 1, 2, 0, 0]] - [1, [0, 0, 1, 0, 0, 0, 0, 2, 0, 1, 0]] - [1, [0, 0, 1, 0, 0, 0, 0, 1, 0, 2, 0]] - [1, [0, 0, 0, 1, 0, 0, 0, 0, 2, 1, 0]] - [1, [0, 0, 0, 1, 0, 0, 0, 0, 1, 2, 0]]
prim - [1, [0, 1, 0, 0, 2, 1, 0, 0, 0, 0, 0]] - [1, [0, 1, 0, 0, 2, 0, 1, 0, 0, 0, 0]] - [1, [1, 0, 0, 0, 2, 0, 0, 1, 0, 0, 0]] - [1, [1, 0, 0, 0, 2, 0, 0, 0, 1, 0, 0]] - [1, [0, 0, 1, 0, 1, 2, 0, 0, 0, 0, 0]] - [1, [0, 0, 0, 1, 1, 0, 2, 0, 0, 0, 0]] - [1, [0, 0, 1, 0, 1, 0, 0, 2, 0, 0, 0]] - [1, [0, 0, 0, 1, 1, 0, 0, 0, 2, 0, 0]] - [1, [0, 0, 1, 0, 0, 2, 1, 0, 0, 0, 0]] - [1, [1, 0, 0, 0, 0, 2, 0, 1, 0, 0, 0]] - [1, [1, 0, 0, 0, 0, 2, 0, 0, 0, 1, 0]] - [1, [0, 1, 0, 0, 0, 1, 0, 2, 0, 0, 0]] - [1, [0, 0, 0, 1, 0, 1, 2, 0, 0, 0, 0]] - [1, [0, 0, 0, 1, 0, 1, 0, 0, 0, 2, 0]] - [1, [0, 1, 0, 0, 0, 0, 1, 0, 2, 0, 0]] - [1, [0, 1, 0, 0, 0, 0, 0, 2, 0, 1, 0]] - [1, [0, 1, 0, 0, 0, 0, 0, 0, 2, 1, 0]] - [1, [1, 0, 0, 0, 0, 0, 2, 0, 1, 0, 0]] - [1, [1, 0, 0, 0, 0, 0, 2, 0, 0, 1, 0]] - [1, [0, 0, 1, 0, 0, 0, 1, 0, 0, 2, 0]] - [1, [0, 0, 1, 0, 0, 0, 0, 2, 1, 0, 0]] - [1, [0, 0, 0, 1, 0, 0, 0, 1, 2, 0, 0]] - [1, [0, 0, 0, 1, 0, 0, 0, 1, 0, 2, 0]] - [1, [0, 0, 1, 0, 0, 0, 0, 0, 1, 2, 0]]
prim - [2, [2, 0, 0, 0, 2, 0, 0, 0, 0, 0, 0]] - [2, [2, 0, 0, 0, 0, 2, 0, 0, 0, 0, 0]] - [2, [2, 0, 0, 0, 0, 0, 2, 0, 0, 0, 0]] - [2, [0, 2, 0, 0, 2, 0, 0, 0, 0, 0, 0]] - [2, [0, 0, 2, 0, 0, 2, 0, 0, 0, 0, 0]] - [2, [0, 0, 0, 2, 0, 0, 2, 0, 0, 0, 0]] - [2, [0, 2, 0, 0, 0, 0, 0, 2, 0, 0, 0]] - [2, [0, 2, 0, 0, 0, 0, 0, 0, 2, 0, 0]] - [2, [0, 0, 2, 0, 0, 0, 0, 2, 0, 0, 0]] - [2, [0, 0, 0, 2, 0, 0, 0, 0, 2, 0, 0]] - [2, [0, 0, 2, 0, 0, 0, 0, 0, 0, 2, 0]] - [2, [0, 0, 0, 2, 0, 0, 0, 0, 0, 2, 0]]
prim - [4, [1, 1, 0, 0, 2, 0, 0, 0, 0, 0, 0]] - [4, [1, 0, 1, 0, 0, 2, 0, 0, 0, 0, 0]] - [4, [1, 0, 0, 1, 0, 0, 2, 0, 0, 0, 0]] - [4, [0, 1, 1, 0, 0, 0, 0, 2, 0, 0, 0]] - [4, [0, 1, 0, 1, 0, 0, 0, 0, 2, 0, 0]] - [4, [0, 0, 1, 1, 0, 0, 0, 0, 0, 2, 0]]
prim - [2, [2, 0, 0, 0, 1, 1, 0, 0, 0, 0, 0]] - [2, [2, 0, 0, 0, 1, 0, 1, 0, 0, 0, 0]] - [2, [2, 0, 0, 0, 0, 1, 1, 0, 0, 0, 0]] - [2, [0, 2, 0, 0, 1, 0, 0, 1, 0, 0, 0]] - [2, [0, 2, 0, 0, 1, 0, 0, 0, 1, 0, 0]] - [2, [0, 0, 2, 0, 0, 1, 0, 1, 0, 0, 0]] - [2, [0, 0, 2, 0, 0, 1, 0, 0, 0, 1, 0]] - [2, [0, 0, 0, 2, 0, 0, 1, 0, 1, 0, 0]] - [2, [0, 0, 0, 2, 0, 0, 1, 0, 0, 1, 0]] - [2, [0, 2, 0, 0, 0, 0, 0, 1, 1, 0, 0]] - [2, [0, 0, 2, 0, 0, 0, 0, 1, 0, 1, 0]] - [2, [0, 0, 0, 2, 0, 0, 0, 0, 1, 1, 0]]
prim - [1, [1, 1, 0, 0, 1, 1, 0, 0, 0, 0, 0]] - [1, [1, 0, 1, 0, 1, 1, 0, 0, 0, 0, 0]] - [1, [1, 1, 0, 0, 1, 0, 1, 0, 0, 0, 0]] - [1, [1, 1, 0, 0, 1, 0, 0, 1, 0, 0, 0]] - [1, [1, 1, 0, 0, 1, 0, 0, 0, 1, 0, 0]] - [1, [1, 0, 0, 1, 1, 0, 1, 0, 0, 0, 0]] - [1, [1, 0, 1, 0, 0, 1, 1, 0, 0, 0, 0]] - [1, [1, 0, 0, 1, 0, 1, 1, 0, 0, 0, 0]] - [1, [1, 0, 1, 0, 0, 1, 0, 1, 0, 0, 0]] - [1, [1, 0, 1, 0, 0, 1, 0, 0, 0, 1, 0]] - [1, [1, 0, 0, 1, 0, 0, 1, 0, 1, 0, 0]] - [1, [1, 0, 0, 1, 0, 0, 1, 0, 0, 1, 0]] - [1, [0, 1, 1, 0, 1, 0, 0, 1, 0, 0, 0]] - [1, [0, 1, 0, 1, 1, 0, 0, 0, 1, 0, 0]] - [1, [0, 1, 1, 0, 0, 1, 0, 1, 0, 0, 0]] - [1, [0, 0, 1, 1, 0, 1, 0, 0, 0, 1, 0]] - [1, [0, 1, 0, 1, 0, 0, 1, 0, 1, 0, 0]] - [1, [0, 1, 1, 0, 0, 0, 0, 1, 1, 0, 0]] - [1, [0, 1, 0, 1, 0, 0, 0, 1, 1, 0, 0]] - [1, [0, 1, 1, 0, 0, 0, 0, 1, 0, 1, 0]] - [1, [0, 1, 0, 1, 0, 0, 0, 0, 1, 1, 0]] - [1, [0, 0, 1, 1, 0, 0, 1, 0, 0, 1, 0]] - [1, [0, 0, 1, 1, 0, 0, 0, 1, 0, 1, 0]] - [1, [0, 0, 1, 1, 0, 0, 0, 0, 1, 1, 0]]
prim - [2, [3, 0, 0, 0, 1, 0, 0, 0, 0, 0, 0]] - [2, [3, 0, 0, 0, 0, 1, 0, 0, 0, 0, 0]] - [2, [3, 0, 0, 0, 0, 0, 1, 0, 0, 0, 0]] - [2, [0, 3, 0, 0, 1, 0, 0, 0, 0, 0, 0]] - [2, [0, 0, 3, 0, 0, 1, 0, 0, 0, 0, 0]] - [2, [0, 0, 0, 3, 0, 0, 1, 0, 0, 0, 0]] - [2, [0, 3, 0, 0, 0, 0, 0, 1, 0, 0, 0]] - [2, [0, 3, 0, 0, 0, 0, 0, 0, 1, 0, 0]] - [2, [0, 0, 3, 0, 0, 0, 0, 1, 0, 0, 0]] - [2, [0, 0, 0, 3, 0, 0, 0, 0, 1, 0, 0]] - [2, [0, 0, 3, 0, 0, 0, 0, 0, 0, 1, 0]] - [2, [0, 0, 0, 3, 0, 0, 0, 0, 0, 1, 0]]
prim - [4, [0, 0, 0, 0, 5, 0, 0, 0, 0, 0, 0]] - [4, [0, 0, 0, 0, 0, 5, 0, 0, 0, 0, 0]] - [4, [0, 0, 0, 0, 0, 0, 5, 0, 0, 0, 0]] - [4, [0, 0, 0, 0, 0, 0, 0, 5, 0, 0, 0]] - [4, [0, 0, 0, 0, 0, 0, 0, 0, 5, 0, 0]] - [4, [0, 0, 0, 0, 0, 0, 0, 0, 0, 5, 0]]
prim - [2, [1, 0, 0, 0, 4, 0, 0, 0, 0, 0, 0]] - [2, [1, 0, 0, 0, 0, 4, 0, 0, 0, 0, 0]] - [2, [1, 0, 0, 0, 0, 0, 4, 0, 0, 0, 0]] - [2, [0, 1, 0, 0, 4, 0, 0, 0, 0, 0, 0]] - [2, [0, 0, 1, 0, 0, 4, 0, 0, 0, 0, 0]] - [2, [0, 0, 0, 1, 0, 0, 4, 0, 0, 0, 0]] - [2, [0, 1, 0, 0, 0, 0, 0, 4, 0, 0, 0]] - [2, [0, 1, 0, 0, 0, 0, 0, 0, 4, 0, 0]] - [2, [0, 0, 1, 0, 0, 0, 0, 4, 0, 0, 0]] - [2, [0, 0, 0, 1, 0, 0, 0, 0, 4, 0, 0]] - [2, [0, 0, 1, 0, 0, 0, 0, 0, 0, 4, 0]] - [2, [0, 0, 0, 1, 0, 0, 0, 0, 0, 4, 0]]
prim - [1, [1, 0, 0, 0, 3, 1, 0, 0, 0, 0, 0]] - [1, [1, 0, 0, 0, 3, 0, 1, 0, 0, 0, 0]] - [1, [1, 0, 0, 0, 1, 3, 0, 0, 0, 0, 0]] - [1, [1, 0, 0, 0, 1, 0, 3, 0, 0, 0, 0]] - [1, [1, 0, 0, 0, 0, 3, 1, 0, 0, 0, 0]] - [1, [1, 0, 0, 0, 0, 1, 3, 0, 0, 0, 0]] - [1, [0, 1, 0, 0, 3, 0, 0, 1, 0, 0, 0]] - [1, [0, 1, 0, 0, 3, 0, 0, 0, 1, 0, 0]] - [1, [0, 1, 0, 0, 1, 0, 0, 3, 0, 0, 0]] - [1, [0, 1, 0, 0, 1, 0, 0, 0, 3, 0, 0]] - [1, [0, 0, 1, 0, 0, 3, 0, 1, 0, 0, 0]] - [1, [0, 0, 1, 0, 0, 3, 0, 0, 0, 1, 0]] - [1, [0, 0, 1, 0, 0, 1, 0, 3, 0, 0, 0]] - [1, [0, 0, 1, 0, 0, 1, 0, 0, 0, 3, 0]] - [1, [0, 0, 0, 1, 0, 0, 3, 0, 1, 0, 0]] - [1, [0, 0, 0, 1, 0, 0, 3, 0, 0, 1, 0]] - [1, [0, 0, 0, 1, 0, 0, 1, 0, 3, 0, 0]] - [1, [0, 0, 0, 1, 0, 0, 1, 0, 0, 3, 0]] - [1, [0, 1, 0, 0, 0, 0, 0, 3, 1, 0, 0]] - [1, [0, 1, 0, 0, 0, 0, 0, 1, 3, 0, 0]] - [1, [0, 0, 1, 0, 0, 0, 0, 3, 0, 1, 0]] - [1, [0, 0, 1, 0, 0, 0, 0, 1, 0, 3, 0]] - [1, [0, 0, 0, 1, 0, 0, 0, 0, 3, 1, 0]] - [1, [0, 0, 0, 1, 0, 0, 0, 0, 1, 3, 0]]
prim - [1, [0, 0, 1, 0, 3, 1, 0, 0, 0, 0, 0]] - [1, [0, 0, 0, 1, 3, 0, 1, 0, 0, 0, 0]] - [1, [0, 0, 1, 0, 3, 0, 0, 1, 0, 0, 0]] - [1, [0, 0, 0, 1, 3, 0, 0, 0, 1, 0, 0]] - [1, [0, 1, 0, 0, 1, 3, 0, 0, 0, 0, 0]] - [1, [0, 1, 0, 0, 1, 0, 3, 0, 0, 0, 0]] - [1, [1, 0, 0, 0, 1, 0, 0, 3, 0, 0, 0]] - [1, [1, 0, 0, 0, 1, 0, 0, 0, 3, 0, 0]] - [1, [0, 1, 0, 0, 0, 3, 0, 1, 0, 0, 0]] - [1, [0, 0, 0, 1, 0, 3, 1, 0, 0, 0, 0]] - [1, [0, 0, 0, 1, 0, 3, 0, 0, 0, 1, 0]] - [1, [0, 0, 1, 0, 0, 1, 3, 0, 0, 0, 0]] - [1, [1, 0, 0, 0, 0, 1, 0, 3, 0, 0, 0]] - [1, [1, 0, 0, 0, 0, 1, 0, 0, 0, 3, 0]] - [1, [0, 1, 0, 0, 0, 0, 3, 0, 1, 0, 0]] - [1, [0, 1, 0, 0, 0, 0, 0, 1, 0, 3, 0]] - [1, [0, 1, 0, 0, 0, 0, 0, 0, 1, 3, 0]] - [1, [0, 0, 1, 0, 0, 0, 3, 0, 0, 1, 0]] - [1, [1, 0, 0, 0, 0, 0, 1, 0, 3, 0, 0]] - [1, [1, 0, 0, 0, 0, 0, 1, 0, 0, 3, 0]] - [1, [0, 0, 0, 1, 0, 0, 0, 3, 1, 0, 0]] - [1, [0, 0, 0, 1, 0, 0, 0, 3, 0, 1, 0]] - [1, [0, 0, 1, 0, 0, 0, 0, 1, 3, 0, 0]] - [1, [0, 0, 1, 0, 0, 0, 0, 0, 3, 1, 0]]
prim - [2, [2, 0, 0, 0, 3, 0, 0, 0, 0, 0, 0]] - [2, [2, 0, 0, 0, 0, 3, 0, 0, 0, 0, 0]] - [2, [2, 0, 0, 0, 0, 0, 3, 0, 0, 0, 0]] - [2, [0, 2, 0, 0, 3, 0, 0, 0, 0, 0, 0]] - [2, [0, 0, 2, 0, 0, 3, 0, 0, 0, 0, 0]] - [2, [0, 0, 0, 2, 0, 0, 3, 0, 0, 0, 0]] - [2, [0, 2, 0, 0, 0, 0, 0, 3, 0, 0, 0]] - [2, [0, 2, 0, 0, 0, 0, 0, 0, 3, 0, 0]] - [2, [0, 0, 2, 0, 0, 0, 0, 3, 0, 0, 0]] - [2, [0, 0, 0, 2, 0, 0, 0, 0, 3, 0, 0]] - [2, [0, 0, 2, 0, 0, 0, 0, 0, 0, 3, 0]] - [2, [0, 0, 0, 2, 0, 0, 0, 0, 0, 3, 0]]
prim - [4, [1, 1, 0, 0, 3, 0, 0, 0, 0, 0, 0]] - [4, [1, 0, 1, 0, 0, 3, 0, 0, 0, 0, 0]] - [4, [1, 0, 0, 1, 0, 0, 3, 0, 0, 0, 0]] - [4, [0, 1, 1, 0, 0, 0, 0, 3, 0, 0, 0]] - [4, [0, 1, 0, 1, 0, 0, 0, 0, 3, 0, 0]] - [4, [0, 0, 1, 1, 0, 0, 0, 0, 0, 3, 0]]
prim - [1, [2, 0, 0, 0, 2, 1, 0, 0, 0, 0, 0]] - [1, [2, 0, 0, 0, 2, 0, 1, 0, 0, 0, 0]] - [1, [2, 0, 0, 0, 1, 2, 0, 0, 0, 0, 0]] - [1, [2, 0, 0, 0, 1, 0, 2, 0, 0, 0, 0]] - [1, [2, 0, 0, 0, 0, 2, 1, 0, 0, 0, 0]] - [1, [2, 0, 0, 0, 0, 1, 2, 0, 0, 0, 0]] - [1, [0, 2, 0, 0, 2, 0, 0, 1, 0, 0, 0]] - [1, [0, 2, 0, 0, 2, 0, 0, 0, 1, 0, 0]] - [1, [0, 2, 0, 0, 1, 0, 0, 2, 0, 0, 0]] - [1, [0, 2, 0, 0, 1, 0, 0, 0, 2, 0, 0]] - [1, [0, 0, 2, 0, 0, 2, 0, 1, 0, 0, 0]] - [1, [0, 0, 2, 0, 0, 2, 0, 0, 0, 1, 0]] - [1, [0, 0, 2, 0, 0, 1, 0, 2, 0, 0, 0]] - [1, [0, 0, 2, 0, 0, 1, 0, 0, 0, 2, 0]] - [1, [0, 0, 0, 2, 0, 0, 2, 0, 1, 0, 0]] - [1, [0, 0, 0, 2, 0, 0, 2, 0, 0, 1, 0]] - [1, [0, 0, 0, 2, 0, 0, 1, 0, 2, 0, 0]] - [1, [0, 0, 0, 2, 0, 0, 1, 0, 0, 2, 0]] - [1, [0, 2, 0, 0, 0, 0, 0, 2, 1, 0, 0]] - [1, [0, 2, 0, 0, 0, 0, 0, 1, 2, 0, 0]] - [1, [0, 0, 2, 0, 0, 0, 0, 2, 0, 1, 0]] - [1, [0, 0, 2, 0, 0, 0, 0, 1, 0, 2, 0]] - [1, [0, 0, 0, 2, 0, 0, 0, 0, 2, 1, 0]] - [1, [0, 0, 0, 2, 0, 0, 0, 0, 1, 2, 0]]
prim - [1, [1, 1, 0, 0, 2, 1, 0, 0, 0, 0, 0]] - [1, [1, 1, 0, 0, 2, 0, 1, 0, 0, 0, 0]] - [1, [1, 1, 0, 0, 2, 0, 0, 1, 0, 0, 0]] - [1, [1, 1, 0, 0, 2, 0, 0, 0, 1, 0, 0]] - [1, [1, 0, 1, 0, 1, 2, 0, 0, 0, 0, 0]] - [1, [1, 0, 0, 1, 1, 0, 2, 0, 0, 0, 0]] - [1, [1, 0, 1, 0, 0, 2, 1, 0, 0, 0, 0]] - [1, [1, 0, 1, 0, 0, 2, 0, 1, 0, 0, 0]] - [1, [1, 0, 1, 0, 0, 2, 0, 0, 0, 1, 0]] - [1, [1, 0, 0, 1, 0, 1, 2, 0, 0, 0, 0]] - [1, [1, 0, 0, 1, 0, 0, 2, 0, 1, 0, 0]] - [1, [1, 0, 0, 1, 0, 0, 2, 0, 0, 1, 0]] - [1, [0, 1, 1, 0, 1, 0, 0, 2, 0, 0, 0]] - [1, [0, 1, 0, 1, 1, 0, 0, 0, 2, 0, 0]] - [1, [0, 1, 1, 0, 0, 1, 0, 2, 0, 0, 0]] - [1, [0, 0, 1, 1, 0, 1, 0, 0, 0, 2, 0]] - [1, [0, 1, 0, 1, 0, 0, 1, 0, 2, 0, 0]] - [1, [0, 1, 1, 0, 0, 0, 0, 2, 1, 0, 0]] - [1, [0, 1, 1, 0, 0, 0, 0, 2, 0, 1, 0]] - [1, [0, 1, 0, 1, 0, 0, 0, 1, 2, 0, 0]] - [1, [0, 1, 0, 1, 0, 0, 0, 0, 2, 1, 0]] - [1, [0, 0, 1, 1, 0, 0, 1, 0, 0, 2, 0]] - [1, [0, 0, 1, 1, 0, 0, 0, 1, 0, 2, 0]] - [1, [0, 0, 1, 1, 0, 0, 0, 0, 1, 2, 0]]
prim - [2, [3, 0, 0, 0, 2, 0, 0, 0, 0, 0, 0]] - [2, [3, 0, 0, 0, 0, 2, 0, 0, 0, 0, 0]] - [2, [3, 0, 0, 0, 0, 0, 2, 0, 0, 0, 0]] - [2, [0, 3, 0, 0, 2, 0, 0, 0, 0, 0, 0]] - [2, [0, 0, 3, 0, 0, 2, 0, 0, 0, 0, 0]] - [2, [0, 0, 0, 3, 0, 0, 2, 0, 0, 0, 0]] - [2, [0, 3, 0, 0, 0, 0, 0, 2, 0, 0, 0]] - [2, [0, 3, 0, 0, 0, 0, 0, 0, 2, 0, 0]] - [2, [0, 0, 3, 0, 0, 0, 0, 2, 0, 0, 0]] - [2, [0, 0, 0, 3, 0, 0, 0, 0, 2, 0, 0]] - [2, [0, 0, 3, 0, 0, 0, 0, 0, 0, 2, 0]] - [2, [0, 0, 0, 3, 0, 0, 0, 0, 0, 2, 0]]
prim - [2, [3, 0, 0, 0, 1, 1, 0, 0, 0, 0, 0]] - [2, [3, 0, 0, 0, 1, 0, 1, 0, 0, 0, 0]] - [2, [3, 0, 0, 0, 0, 1, 1, 0, 0, 0, 0]] - [2, [0, 3, 0, 0, 1, 0, 0, 1, 0, 0, 0]] - [2, [0, 3, 0, 0, 1, 0, 0, 0, 1, 0, 0]] - [2, [0, 0, 3, 0, 0, 1, 0, 1, 0, 0, 0]] - [2, [0, 0, 3, 0, 0, 1, 0, 0, 0, 1, 0]] - [2, [0, 0, 0, 3, 0, 0, 1, 0, 1, 0, 0]] - [2, [0, 0, 0, 3, 0, 0, 1, 0, 0, 1, 0]] - [2, [0, 3, 0, 0, 0, 0, 0, 1, 1, 0, 0]] - [2, [0, 0, 3, 0, 0, 0, 0, 1, 0, 1, 0]] - [2, [0, 0, 0, 3, 0, 0, 0, 0, 1, 1, 0]]
prim - [1, [2, 1, 0, 0, 1, 1, 0, 0, 0, 0, 0]] - [1, [2, 0, 1, 0, 1, 1, 0, 0, 0, 0, 0]] - [1, [2, 1, 0, 0, 1, 0, 1, 0, 0, 0, 0]] - [1, [2, 0, 0, 1, 1, 0, 1, 0, 0, 0, 0]] - [1, [2, 0, 1, 0, 0, 1, 1, 0, 0, 0, 0]] - [1, [2, 0, 0, 1, 0, 1, 1, 0, 0, 0, 0]] - [1, [1, 2, 0, 0, 1, 0, 0, 1, 0, 0, 0]] - [1, [1, 2, 0, 0, 1, 0, 0, 0, 1, 0, 0]] - [1, [1, 0, 2, 0, 0, 1, 0, 1, 0, 0, 0]] - [1, [1, 0, 2, 0, 0, 1, 0, 0, 0, 1, 0]] - [1, [1, 0, 0, 2, 0, 0, 1, 0, 1, 0, 0]] - [1, [1, 0, 0, 2, 0, 0, 1, 0, 0, 1, 0]] - [1, [0, 2, 1, 0, 1, 0, 0, 1, 0, 0, 0]] - [1, [0, 2, 0, 1, 1, 0, 0, 0, 1, 0, 0]] - [1, [0, 1, 2, 0, 0, 1, 0, 1, 0, 0, 0]] - [1, [0, 0, 2, 1, 0, 1, 0, 0, 0, 1, 0]] - [1, [0, 2, 1, 0, 0, 0, 0, 1, 1, 0, 0]] - [1, [0, 2, 0, 1, 0, 0, 0, 1, 1, 0, 0]] - [1, [0, 1, 0, 2, 0, 0, 1, 0, 1, 0, 0]] - [1, [0, 1, 2, 0, 0, 0, 0, 1, 0, 1, 0]] - [1, [0, 1, 0, 2, 0, 0, 0, 0, 1, 1, 0]] - [1, [0, 0, 1, 2, 0, 0, 1, 0, 0, 1, 0]] - [1, [0, 0, 2, 1, 0, 0, 0, 1, 0, 1, 0]] - [1, [0, 0, 1, 2, 0, 0, 0, 0, 1, 1, 0]]
prim - [2, [3, 1, 0, 0, 1, 0, 0, 0, 0, 0, 0]] - [2, [3, 0, 1, 0, 0, 1, 0, 0, 0, 0, 0]] - [2, [3, 0, 0, 1, 0, 0, 1, 0, 0, 0, 0]] - [2, [1, 3, 0, 0, 1, 0, 0, 0, 0, 0, 0]] - [2, [1, 0, 3, 0, 0, 1, 0, 0, 0, 0, 0]] - [2, [1, 0, 0, 3, 0, 0, 1, 0, 0, 0, 0]] - [2, [0, 3, 1, 0, 0, 0, 0, 1, 0, 0, 0]] - [2, [0, 3, 0, 1, 0, 0, 0, 0, 1, 0, 0]] - [2, [0, 1, 3, 0, 0, 0, 0, 1, 0, 0, 0]] - [2, [0, 1, 0, 3, 0, 0, 0, 0, 1, 0, 0]] - [2, [0, 0, 3, 1, 0, 0, 0, 0, 0, 1, 0]] - [2, [0, 0, 1, 3, 0, 0, 0, 0, 0, 1, 0]]
